001000111100000101
001000111100010101
000001100000000110
110000000000010010
110000000000010011
000010000000010110
001000000000100010
001000000000110011
000001100000001011
001000000001010101
000000100000000000
001001000001100101
001000111100010010
000010011001110101
001000000001110101
001000111100000001
101100001000010011
000000100000000000
110000001000000100
101100000101000101
110010001101000110
100110011000100000
100101000000000111
100111011101000000
100101000000000001
100100000000000010
111010010000100111
111010001001000110
001001000000101011
110010010000100011
000000000000000000
