00100101111101010000000000001000
00100101111101011000000000000000
00100101111100010000000000000000
00100101111100011000000000001000
00100101111100100000000000010000
00100101111101100000000000000000
01001100001000000000000000000000
00100101111101100000000000000001
01001100001100001000000000000000
10011000000000001000000000000000
10010100000000000001010000000000
01101100010000101000000000000000
00100100101101011000000000000001
00100100010000100000000000000001
00100100001000010000000000000001
00100100001100011000000000000001
00001100101001011111111111110110
00100100101001111000000000000101
00000000000000000000000000000000
