00100100111100000000100000000000
01101100000101111001000000000000
00100100000100001000000000000001
00001100000100000111111111111110
00001100000100000111111111111101
00100100111100111000000000000100
00100100111101000000000000010000
00100100111000000000000000000000
00100100111000001000000000000000
00100100111001111000000000001000
01001100010000110001000000000000
01001100001000000000000000000000
00100000001000010000000001000000
01001100001100001000000000000000
00100000001100011000000001000000
10011000000000001000000000000000
10010100000000000001010000000000
11000100010100110001100000000000
01001100001000000000000000000000
00100000001000010000000001000000
01001100001100001000000000000000
00100000001100011000000001000000
10011000000000001000000000000000
10010100000000000001010000000000
11000100010100110001100000000000
01001100001000000000000000000000
00100000001000010000000001000000
01001100001100001000000000000000
00100000001100011000000001000000
10011000000000001000000000000000
10010100000000000001010000000000
11000100010100110001100000000000
01001100001000000000000000000000
00100000001000010000000001000000
01001100001100001000000000000000
00100000001100011000000001000000
10011000000000001000000000000000
10010100000000000001010000000000
11000100010100110001100000000000
01101100010000110001000000000000
00100000010000100000000000000001
00100000001000010111111100000001
00100000001100011111111100000000
01001100010000110001000000000000
01001100001000000000000000000000
00100000001000010000000001000000
01001100001100001000000000000000
00100000001100011000000001000000
10011000000000001000000000000000
10010100000000000001010000000000
11000100010100110001100000000000
01001100001000000000000000000000
00100000001000010000000001000000
01001100001100001000000000000000
00100000001100011000000001000000
10011000000000001000000000000000
10010100000000000001010000000000
11000100010100110001100000000000
01001100001000000000000000000000
00100000001000010000000001000000
01001100001100001000000000000000
00100000001100011000000001000000
10011000000000001000000000000000
10010100000000000001010000000000
11000100010100110001100000000000
01001100001000000000000000000000
00100000001000010000000001000000
01001100001100001000000000000000
00100000001100011000000001000000
10011000000000001000000000000000
10010100000000000001010000000000
11000100010100110001100000000000
01101100010000110001000000000000
00100000010000100000000000000001
00100000001000010111111100000001
00100000001100011111111100000000
01001100010000110001000000000000
01001100001000000000000000000000
00100000001000010000000001000000
01001100001100001000000000000000
00100000001100011000000001000000
10011000000000001000000000000000
10010100000000000001010000000000
11000100010100110001100000000000
01001100001000000000000000000000
00100000001000010000000001000000
01001100001100001000000000000000
00100000001100011000000001000000
10011000000000001000000000000000
10010100000000000001010000000000
11000100010100110001100000000000
01001100001000000000000000000000
00100000001000010000000001000000
01001100001100001000000000000000
00100000001100011000000001000000
10011000000000001000000000000000
10010100000000000001010000000000
11000100010100110001100000000000
01001100001000000000000000000000
00100000001000010000000001000000
01001100001100001000000000000000
00100000001100011000000001000000
10011000000000001000000000000000
10010100000000000001010000000000
11000100010100110001100000000000
01101100010000110001000000000000
00100000010000100000000000000001
00100000001000010111111100000001
00100000001100011111111100000000
01001100010000110001000000000000
01001100001000000000000000000000
00100000001000010000000001000000
01001100001100001000000000000000
00100000001100011000000001000000
10011000000000001000000000000000
10010100000000000001010000000000
11000100010100110001100000000000
01001100001000000000000000000000
00100000001000010000000001000000
01001100001100001000000000000000
00100000001100011000000001000000
10011000000000001000000000000000
10010100000000000001010000000000
11000100010100110001100000000000
01001100001000000000000000000000
00100000001000010000000001000000
01001100001100001000000000000000
00100000001100011000000001000000
10011000000000001000000000000000
10010100000000000001010000000000
11000100010100110001100000000000
01001100001000000000000000000000
00100000001000010000000001000000
01001100001100001000000000000000
00100000001100011000000001000000
10011000000000001000000000000000
10010100000000000001010000000000
11000100010100110001100000000000
01101100010000110001000000000000
00100000010000100000000000000001
00100000001000010111111100000001
00100000001100011111111100000000
00100100101101011000000000000001
00100000010000100000000000111100
00100000001000010111111111111100
00100000001100011000000000000001
00001100101100111111111101111000
00100100110001100000000000000001
10110100001101011010110000000000
00100000010000100111111100000000
00100000001000010000000100000000
00100000001100011000000011111100
00001100110001000111111101110010
00100100110101101000000000000001
10110100010101100011000000000000
00100000010000100000000100000000
00100000001000010111000000000000
00100000001100011111000000000100
00001100110101000111111101101100
00100100111001110000000000000001
10110100010101101011010000000000
00100000010000100111000000000100
00100000001000010000000000000100
00100000001100011111111111000000
00001100111001111111111101100110
10110100010101110011100000000000
00000000000000000000000000000000
