00100100011100100000000100000000
01101100100000111000000100000000
00100100000000000000000000000000
01101100100000111111111100000000
00100100100001000000000000000001
00001100100000100111111111111100
00001100100000100111111111111011
00100100011101111000000000000100
00100100111001000000000000000000
10110100100101110010000000000000
01001100001000000000000000000000
00100100100101001000000000000001
01001100001100001000000000000000
10011000000000001000000000000000
10010100000000000001010000000000
01001100010000111000000000000000
11000100010100111001100000000000
00100000001000010000000000010000
00100000001100011000000000010000
01101100010000110000000000000000
00001100100101111111111111110110
00100100101001010000000000000001
00100100100001001000000000000000
00100000010000100000000000010000
00100000001000010111111111000001
00100000001100011111111111000000
00001100101001111111111111110000
00100100101101011000000000000001
00100100100001010000000000000000
00100000010000100111111111000001
00100000001000010111111111111100
00100000001100011000000000000001
00001100101101111111111111101010
00100100110001100000000000000001
00100100100001011000000000000000
00100000010000100111111111111100
00100000001000010000000001000000
00100000001100011000000000111100
00001100110001111111111111100100
00100100110101101000000000000001
00100100100001100000000000000000
00100000010000100000000001000000
00100000001000010111111100000000
00100000001100011111111100000100
00001100110101111111111111011110
00100100111001110000000000000001
00100100100001101000000000000000
00100000010000100111111100000100
00100000001000010000000000000100
00100000001100011111111111000000
00001100111001111111111111011000
10110100100101110010000000000000
00000000000000000000000000000000
