00100101111100100000100000000000
00100101111100011000000000100000
01101100100011111001100000000000
00100100100001000000000000000001
00001100100000100111111111111110
00001100100000100111111111111101
00100101111101110000000000100000
00100101111101010000000001000000
01001100001000000000000000000000
00100100101101011000000000000001
01001100001100001000000000000000
10011000000000001000000000000000
10010100000000000001010000000000
11000100010100110001100000000000
00100100001000010000000001000000
00100100001100011000000001000000
00001100101001011111111111111000
01101100010000110001000000000000
00100100110101101000000000000001
00100101111101011000000000000000
00100100011100110000000000000000
00100000010000100000000000000001
00100000001000010111000000000001
00100000001100011111000000000000
00001100101001101111111111110000
00100100111101111000000000000001
00100101111101101000000000000000
00100000001000010111111111000000
00100000001100011000000000000001
00001100111001111111111111101011
00100100101010000000000000000101
00000000000000000000000000000000
